% -------------------------------------------------------------------
%  Generated by MATLAB on 7-Jun-2021 12:10:08
%  MATLAB version: 9.10.0.1669831 (R2021a) Update 2
% -------------------------------------------------------------------
saveVarsMat = load('Experiment_5star.mat');

C_ls_01_llm = ...
  [0.14258001283511773 0.032627283203336591 0.14788499590138729 -0.015489333776564158 ...
   ;
   0.032627283203336591 0.0075210525983080943 0.03387573952077369 -0.0035545064416199414 ...
   ;
   0.14788499590138729 0.03387573952077369 0.15354286563669561 -0.016083850544355974 ...
   ;
   -0.015489333776564158 -0.0035545064416199414 -0.016083850544355974 0.0017497434759557358 ...
   ];

C_ls_02_llm = ...
  [0.0047988725159988158 0.0092632186119878477 0.00023382687328045424;
   0.0092632186119878477 0.01788214952259844 0.00045173868591671132;
   0.00023382687328045424 0.00045173868591671132 1.1934167895917993E-5];

C_ls_03_llm = ...
  [0.0093045207338755785 0.017678866519625368 -0.0065379252527642 0.00072484258576584345 ...
   0.00482290712863293;
   0.017678866519625368 0.033596054754508817 -0.012423359345844787 0.0013774206096855803 ...
   0.0091650383132604943;
   -0.0065379252527642 -0.012423359345844787 0.0045953177055865083 -0.00050970224563364429 ...
   -0.0033885644560167488;
   0.00072484258576584345 0.0013774206096855803 -0.00050970224563364429 ...
   5.744151210162732E-5 0.00037544123924608997;
   0.00482290712863293 0.0091650383132604943 -0.0033885644560167488 0.00037544123924608997 ...
   0.002501159128451059];

C_ls_04_llm = ...
  [0.0052407172911075155 0.0054318250231720341 -0.0053021602729489059 -0.00024976394780615974 ...
   -0.0011562179796181986 0.003004229485622636;
   0.0054318250231720341 0.0056304345040242183 -0.0054958579613152711 -0.0002589534267604406 ...
   -0.0011983607113191326 0.0031139615294395371;
   -0.0053021602729489059 -0.0054958579613152711 0.0053648634082084264 ...
   0.00025289552868804565 0.0011697704451210506 -0.0030395703497304283;
   -0.00024976394780615974 -0.0002589534267604406 0.00025289552868804565 ...
   1.2198535546112647E-5 5.5102017656699096E-5 -0.00014316159850069542;
   -0.0011562179796181986 -0.0011983607113191326 0.0011697704451210506 ...
   5.5102017656699096E-5 0.00025532988968177329 -0.00066286870719158757 ...
   ;
   0.003004229485622636 0.0031139615294395371 -0.0030395703497304283 -0.00014316159850069542 ...
   -0.00066286870719158757 0.0017224472762332331];

C_ls_05_llm = ...
  [0.093245604461958648 0.029868543142016861 0.014035290551358935;
   0.029868543142016861 0.0095726530340785546 0.0044977898249742828;
   0.014035290551358935 0.0044977898249742828 0.0021157031246167241];

C_ls_06_llm = ...
  [0.05378791273484821 -0.0073655357927977835 -0.027277056934616122 -0.0081350491638134039 ...
   -0.0143680526527524 0.0122081511767934;
   -0.0073655357927977835 0.0010091897661023462 0.0037351269129144945 0.0011140070773655664 ...
   0.0019674918860221042 -0.0016719643365706448;
   -0.027277056934616122 0.0037351269129144945 0.013833167048025004 0.0041254272857648338 ...
   0.0072864150975104763 -0.0061909223403568605;
   -0.0081350491638134039 0.0011140070773655664 0.0041254272857648338 0.0012308178097757095 ...
   0.0021729916533981273 -0.0018466268786954045;
   -0.0143680526527524 0.0019674918860221042 0.0072864150975104763 0.0021729916533981273 ...
   0.0038387167655555545 -0.0032607732054153928;
   0.0122081511767934 -0.0016719643365706448 -0.0061909223403568605 -0.0018466268786954045 ...
   -0.0032607732054153928 0.0027714889769679717];

C_ls_07_llm = ...
  [0.088023646183716109 0.0357757426497973 -0.026553147288530109 -0.024039210369364794 ...
   -0.012032784710547887 0.013333582222105475;
   0.0357757426497973 0.014542475397700845 -0.010792716064766525 -0.0097710159426811771 ...
   -0.004890371447375523 0.0054193902782438;
   -0.026553147288530109 -0.010792716064766525 0.0080117103641117963 0.0072523065148501495 ...
   0.00362966122950916 -0.004021780381017445;
   -0.024039210369364794 -0.0097710159426811771 0.0072523065148501495 0.006567265084756576 ...
   0.0032864210527121011 -0.0036410671617667337;
   -0.012032784710547887 -0.004890371447375523 0.00362966122950916 0.0032864210527121011 ...
   0.0016471476886906328 -0.0018234468147820225;
   0.013333582222105475 0.0054193902782438 -0.004021780381017445 -0.0036410671617667337 ...
   -0.0018234468147820225 0.0020212493716571067];

C_ls_08_llm = ...
  [0.00047039050007949089 0.00044305223298599984 0.0013246995457498133 ...
   7.9042980742174785E-6;
   0.00044305223298599984 0.00041742913836842184 0.0012479048824274349 ...
   7.4463748276597292E-6;
   0.0013246995457498133 0.0012479048824274349 0.0037311206474351225 2.2290717547061138E-5 ...
   ;
   7.9042980742174785E-6 7.4463748276597292E-6 2.2290717547061138E-5 1.7002913520249149E-7 ...
   ];

C_ls_09_llm = ...
  [0.0015148340337362051 0.0027071655670212426 0.00020614810887200008 -7.2970517322186663E-5 ...
   -3.4854261116971079E-5;
   0.0027071655670212426 0.0048383325450721808 0.00036836527295874003 -0.00013038703411487025 ...
   -6.2246535028538739E-5;
   0.00020614810887200008 0.00036836527295874003 2.815697863006882E-5 -9.9393921460751345E-6 ...
   -4.8011614807908424E-6;
   -7.2970517322186663E-5 -0.00013038703411487025 -9.9393921460751345E-6 ...
   3.5632416300051369E-6 1.6755361928835304E-6;
   -3.4854261116971079E-5 -6.2246535028538739E-5 -4.8011614807908424E-6 ...
   1.6755361928835304E-6 8.9456778577615313E-7];

C_ls_10_llm = ...
  [0.00033505761593305677 0.0007414909996926773 0.00077713650374198562 ...
   0.00027925374817824227;
   0.0007414909996926773 0.0016423284957252033 0.0017210489775298251 0.0006184897920846462 ...
   ;
   0.00077713650374198562 0.0017210489775298251 0.0018040026888019119 0.00064815222616041032 ...
   ;
   0.00027925374817824227 0.0006184897920846462 0.00064815222616041032 ...
   0.00023307041309744494];

C_obj_llm = ...
  [6.0024999999999986 7.3536749999999991 8.5505000000000049 4.9122499999999985 ...
   3.8158749999999997 2.6754000000000016;
   7.3536749999999991 9.0090022499999964 10.475235000000001 6.0180074999999986 ...
   4.6748362499999976 3.2776380000000018;
   8.5505000000000049 10.475235000000001 12.18010000000001 6.9974500000000033 ...
   5.435675 3.8110800000000045;
   4.9122499999999985 6.0180074999999986 6.9974500000000033 4.0200249999999977 ...
   3.1227874999999994 2.1894600000000017;
   3.8158749999999997 4.6748362499999976 5.435675 3.1227874999999994 2.42580625 ...
   1.7007900000000011;
   2.6754000000000016 3.2776380000000018 3.8110800000000045 2.1894600000000017 ...
   1.7007900000000011 1.1924640000000017];

Ev_ls_01_llm = ...
  [0.30520604530339757 0 0 0 0 0 0 0 0 0 0 0 0 0 0 0 0 0 0 0 0 0 0 0 0 ...
   0 0 0 0 0 0 0 0 0 0 0 0 0 0;
   0 8.305499742338528E-5 0 0 0 0 0 0 0 0 0 0 0 0 0 0 0 0 0 0 0 0 0 0 0 ...
   0 0 0 0 0 0 0 0 0 0 0 0 0 0;
   0 0 6.1700253008197559E-5 0 0 0 0 0 0 0 0 0 0 0 0 0 0 0 0 0 0 0 0 0 ...
   0 0 0 0 0 0 0 0 0 0 0 0 0 0 0;
   0 0 0 4.287399224794888E-5 0 0 0 0 0 0 0 0 0 0 0 0 0 0 0 0 0 0 0 0 0 ...
   0 0 0 0 0 0 0 0 0 0 0 0 0 0];

Ev_ls_02_llm = ...
  [0.022692124509949452 0 0 0 0 0 0 0 0 0 0 0 0 0 0 0 0 0 0 0 0 0 0 0 0 ...
   0 0 0 0;
   0 6.1311842595541635E-7 0 0 0 0 0 0 0 0 0 0 0 0 0 0 0 0 0 0 0 0 0 0 ...
   0 0 0 0 0;
   0 0 2.1857811775864581E-7 0 0 0 0 0 0 0 0 0 0 0 0 0 0 0 0 0 0 0 0 0 ...
   0 0 0 0 0];

Ev_ls_03_llm = ...
  [0.050050241359946915 0 0 0 0 0 0 0 0 0 0 0 0 0 0 0 0 0 0 0 0 0 0 0 0 ...
   0 0 0 0 0 0 0 0 0 0 0 0 0 0 0 0 0 0 0 0 0 0 0 0;
   0 1.9475484177798024E-6 0 0 0 0 0 0 0 0 0 0 0 0 0 0 0 0 0 0 0 0 0 0 ...
   0 0 0 0 0 0 0 0 0 0 0 0 0 0 0 0 0 0 0 0 0 0 0 0 0;
   0 0 1.2103623286754847E-6 0 0 0 0 0 0 0 0 0 0 0 0 0 0 0 0 0 0 0 0 0 ...
   0 0 0 0 0 0 0 0 0 0 0 0 0 0 0 0 0 0 0 0 0 0 0 0 0;
   0 0 0 7.0615183676305206E-7 0 0 0 0 0 0 0 0 0 0 0 0 0 0 0 0 0 0 0 0 ...
   0 0 0 0 0 0 0 0 0 0 0 0 0 0 0 0 0 0 0 0 0 0 0 0 0;
   0 0 0 0 3.8841199345121651E-7 0 0 0 0 0 0 0 0 0 0 0 0 0 0 0 0 0 0 0 ...
   0 0 0 0 0 0 0 0 0 0 0 0 0 0 0 0 0 0 0 0 0 0 0 0 0];

Ev_ls_04_llm = ...
  [0.018224776068025611 0 0 0 0 0 0 0 0 0 0 0 0 0 0 0 0 0 0 0 0 0 0 0 0 ...
   0 0 0 0 0 0 0 0 0 0 0 0 0 0 0 0 0 0 0 0 0 0 0 0 0 0 0 0 0 0 0 0 0 0;
   0 4.534815242769708E-7 0 0 0 0 0 0 0 0 0 0 0 0 0 0 0 0 0 0 0 0 0 0 0 ...
   0 0 0 0 0 0 0 0 0 0 0 0 0 0 0 0 0 0 0 0 0 0 0 0 0 0 0 0 0 0 0 0 0 0;
   0 0 2.7437732326473017E-7 0 0 0 0 0 0 0 0 0 0 0 0 0 0 0 0 0 0 0 0 0 ...
   0 0 0 0 0 0 0 0 0 0 0 0 0 0 0 0 0 0 0 0 0 0 0 0 0 0 0 0 0 0 0 0 0 0 ...
   0;
   0 0 0 2.420423208130185E-7 0 0 0 0 0 0 0 0 0 0 0 0 0 0 0 0 0 0 0 0 0 ...
   0 0 0 0 0 0 0 0 0 0 0 0 0 0 0 0 0 0 0 0 0 0 0 0 0 0 0 0 0 0 0 0 0 0;
   0 0 0 0 1.2711782843557441E-7 0 0 0 0 0 0 0 0 0 0 0 0 0 0 0 0 0 0 0 ...
   0 0 0 0 0 0 0 0 0 0 0 0 0 0 0 0 0 0 0 0 0 0 0 0 0 0 0 0 0 0 0 0 0 0 ...
   0;
   0 0 0 0 0 1.1781777886557137E-7 0 0 0 0 0 0 0 0 0 0 0 0 0 0 0 0 0 0 ...
   0 0 0 0 0 0 0 0 0 0 0 0 0 0 0 0 0 0 0 0 0 0 0 0 0 0 0 0 0 0 0 0 0 0 ...
   0];

Ev_ls_05_llm = ...
  [0.10492641864171572 0 0 0 0 0 0 0 0 0 0 0 0 0 0 0 0 0 0 0 0 0 0 0 0 ...
   0 0 0 0;
   0 5.6518892245561355E-6 0 0 0 0 0 0 0 0 0 0 0 0 0 0 0 0 0 0 0 0 0 0 ...
   0 0 0 0 0;
   0 0 1.89008971369976E-6 0 0 0 0 0 0 0 0 0 0 0 0 0 0 0 0 0 0 0 0 0 0 ...
   0 0 0 0];

Ev_ls_06_llm = ...
  [0.076468722928765248 0 0 0 0 0 0 0 0 0 0 0 0 0 0 0 0 0 0 0 0 0 0 0 0 ...
   0 0 0 0 0 0 0 0 0 0 0 0 0 0 0 0 0 0 0 0 0 0 0 0 0 0 0 0 0 0 0 0 0 0;
   0 1.1299520012619672E-6 0 0 0 0 0 0 0 0 0 0 0 0 0 0 0 0 0 0 0 0 0 0 ...
   0 0 0 0 0 0 0 0 0 0 0 0 0 0 0 0 0 0 0 0 0 0 0 0 0 0 0 0 0 0 0 0 0 0 ...
   0;
   0 0 5.9301644846342171E-7 0 0 0 0 0 0 0 0 0 0 0 0 0 0 0 0 0 0 0 0 0 ...
   0 0 0 0 0 0 0 0 0 0 0 0 0 0 0 0 0 0 0 0 0 0 0 0 0 0 0 0 0 0 0 0 0 0 ...
   0;
   0 0 0 4.2422548214791837E-7 0 0 0 0 0 0 0 0 0 0 0 0 0 0 0 0 0 0 0 0 ...
   0 0 0 0 0 0 0 0 0 0 0 0 0 0 0 0 0 0 0 0 0 0 0 0 0 0 0 0 0 0 0 0 0 0 ...
   0;
   0 0 0 0 2.4219224137591153E-7 0 0 0 0 0 0 0 0 0 0 0 0 0 0 0 0 0 0 0 ...
   0 0 0 0 0 0 0 0 0 0 0 0 0 0 0 0 0 0 0 0 0 0 0 0 0 0 0 0 0 0 0 0 0 0 ...
   0;
   0 0 0 0 0 1.8078633629854355E-7 0 0 0 0 0 0 0 0 0 0 0 0 0 0 0 0 0 0 ...
   0 0 0 0 0 0 0 0 0 0 0 0 0 0 0 0 0 0 0 0 0 0 0 0 0 0 0 0 0 0 0 0 0 0 ...
   0];

Ev_ls_07_llm = ...
  [0.12080462561993001 0 0 0 0 0 0 0 0 0 0 0 0 0 0 0 0 0 0 0 0 0 0 0 0 ...
   0 0 0 0 0 0 0 0 0 0 0 0 0 0 0 0 0 0 0 0 0 0 0 0 0 0 0 0 0 0 0 0 0 0;
   0 3.0385308619131623E-6 0 0 0 0 0 0 0 0 0 0 0 0 0 0 0 0 0 0 0 0 0 0 ...
   0 0 0 0 0 0 0 0 0 0 0 0 0 0 0 0 0 0 0 0 0 0 0 0 0 0 0 0 0 0 0 0 0 0 ...
   0;
   0 0 2.3703331988125485E-6 0 0 0 0 0 0 0 0 0 0 0 0 0 0 0 0 0 0 0 0 0 ...
   0 0 0 0 0 0 0 0 0 0 0 0 0 0 0 0 0 0 0 0 0 0 0 0 0 0 0 0 0 0 0 0 0 0 ...
   0;
   0 0 0 1.6345036864148172E-6 0 0 0 0 0 0 0 0 0 0 0 0 0 0 0 0 0 0 0 0 ...
   0 0 0 0 0 0 0 0 0 0 0 0 0 0 0 0 0 0 0 0 0 0 0 0 0 0 0 0 0 0 0 0 0 0 ...
   0;
   0 0 0 0 1.1563485784424009E-6 0 0 0 0 0 0 0 0 0 0 0 0 0 0 0 0 0 0 0 ...
   0 0 0 0 0 0 0 0 0 0 0 0 0 0 0 0 0 0 0 0 0 0 0 0 0 0 0 0 0 0 0 0 0 0 ...
   0;
   0 0 0 0 0 6.6875437749534566E-7 0 0 0 0 0 0 0 0 0 0 0 0 0 0 0 0 0 0 ...
   0 0 0 0 0 0 0 0 0 0 0 0 0 0 0 0 0 0 0 0 0 0 0 0 0 0 0 0 0 0 0 0 0 0 ...
   0];

Ev_ls_08_llm = ...
  [0.0046189594873608675 0 0 0 0 0 0 0 0 0 0 0 0 0 0 0 0 0 0 0 0 0 0 0 ...
   0 0 0 0 0 0 0 0 0 0 0 0 0 0 0;
   0 6.8701383777746434E-8 0 0 0 0 0 0 0 0 0 0 0 0 0 0 0 0 0 0 0 0 0 0 ...
   0 0 0 0 0 0 0 0 0 0 0 0 0 0 0;
   0 0 5.3451145228673038E-8 0 0 0 0 0 0 0 0 0 0 0 0 0 0 0 0 0 0 0 0 0 ...
   0 0 0 0 0 0 0 0 0 0 0 0 0 0 0;
   0 0 0 2.8675128363056875E-8 0 0 0 0 0 0 0 0 0 0 0 0 0 0 0 0 0 0 0 0 ...
   0 0 0 0 0 0 0 0 0 0 0 0 0 0 0];

Ev_ls_09_llm = ...
  [0.0063854475362816517 0 0 0 0 0 0 0 0 0 0 0 0 0 0 0 0 0 0 0 0 0 0 0 ...
   0 0 0 0 0 0 0 0 0 0 0 0 0 0 0 0 0 0 0 0 0 0 0 0 0;
   0 1.7817976943473371E-7 0 0 0 0 0 0 0 0 0 0 0 0 0 0 0 0 0 0 0 0 0 0 ...
   0 0 0 0 0 0 0 0 0 0 0 0 0 0 0 0 0 0 0 0 0 0 0 0 0;
   0 0 7.280879370908895E-8 0 0 0 0 0 0 0 0 0 0 0 0 0 0 0 0 0 0 0 0 0 0 ...
   0 0 0 0 0 0 0 0 0 0 0 0 0 0 0 0 0 0 0 0 0 0 0 0;
   0 0 0 4.909911765933976E-8 0 0 0 0 0 0 0 0 0 0 0 0 0 0 0 0 0 0 0 0 0 ...
   0 0 0 0 0 0 0 0 0 0 0 0 0 0 0 0 0 0 0 0 0 0 0 0;
   0 0 0 0 3.3742891781024207E-8 0 0 0 0 0 0 0 0 0 0 0 0 0 0 0 0 0 0 0 ...
   0 0 0 0 0 0 0 0 0 0 0 0 0 0 0 0 0 0 0 0 0 0 0 0 0];

Ev_ls_10_llm = ...
  [0.0040138510581580831 0 0 0 0 0 0 0 0 0 0 0 0 0 0 0 0 0 0 0 0 0 0 0 ...
   0 0 0 0 0 0 0 0 0 0 0 0 0 0 0;
   0 2.4556852927411522E-7 0 0 0 0 0 0 0 0 0 0 0 0 0 0 0 0 0 0 0 0 0 0 ...
   0 0 0 0 0 0 0 0 0 0 0 0 0 0 0;
   0 0 2.3513970075141915E-7 0 0 0 0 0 0 0 0 0 0 0 0 0 0 0 0 0 0 0 0 0 ...
   0 0 0 0 0 0 0 0 0 0 0 0 0 0 0;
   0 0 0 1.2744716950663589E-7 0 0 0 0 0 0 0 0 0 0 0 0 0 0 0 0 0 0 0 0 ...
   0 0 0 0 0 0 0 0 0 0 0 0 0 0 0];

Ev_obj_llm = ...
  [34.829897500000015 0 0 0 0 0 0 0 0 0 0 0 0 0 0 0 0 0 0 0 0 0 0 0 0 0 ...
   0 0 0 0 0 0 0 0 0 0 0 0 0 0 0 0 0 0 0 0 0 0 0 0 0 0 0 0 0 0 0 0 0;
   0 3.0069427907436393E-29 0 0 0 0 0 0 0 0 0 0 0 0 0 0 0 0 0 0 0 0 0 0 ...
   0 0 0 0 0 0 0 0 0 0 0 0 0 0 0 0 0 0 0 0 0 0 0 0 0 0 0 0 0 0 0 0 0 0 ...
   0;
   0 0 1.8099273692640349E-29 0 0 0 0 0 0 0 0 0 0 0 0 0 0 0 0 0 0 0 0 0 ...
   0 0 0 0 0 0 0 0 0 0 0 0 0 0 0 0 0 0 0 0 0 0 0 0 0 0 0 0 0 0 0 0 0 0 ...
   0;
   0 0 0 1.3918820351177216E-29 0 0 0 0 0 0 0 0 0 0 0 0 0 0 0 0 0 0 0 0 ...
   0 0 0 0 0 0 0 0 0 0 0 0 0 0 0 0 0 0 0 0 0 0 0 0 0 0 0 0 0 0 0 0 0 0 ...
   0;
   0 0 0 0 1.2245862637127762E-29 0 0 0 0 0 0 0 0 0 0 0 0 0 0 0 0 0 0 0 ...
   0 0 0 0 0 0 0 0 0 0 0 0 0 0 0 0 0 0 0 0 0 0 0 0 0 0 0 0 0 0 0 0 0 0 ...
   0;
   0 0 0 0 0 7.7485180689711377E-30 0 0 0 0 0 0 0 0 0 0 0 0 0 0 0 0 0 0 ...
   0 0 0 0 0 0 0 0 0 0 0 0 0 0 0 0 0 0 0 0 0 0 0 0 0 0 0 0 0 0 0 0 0 0 ...
   0];

M_ls_01 = 39;

M_ls_02 = 29;

M_ls_03 = 49;

M_ls_04 = 59;

M_ls_05 = 29;

M_ls_06 = 59;

M_ls_07 = 59;

M_ls_08 = 39;

M_ls_09 = 49;

M_ls_10 = 39;

M_obj = 59;

N_ls_01 = 11;

N_ls_02 = 11;

N_ls_03 = 11;

N_ls_04 = 11;

N_ls_05 = 11;

N_ls_06 = 11;

N_ls_07 = 11;

N_ls_08 = 11;

N_ls_09 = 11;

N_ls_10 = 11;

N_obj = 11;

Nmcs = 1.0E+6;

PRESSRMS_KRG_c01 = 0.012552838533385961;

PRESSRMS_KRG_c02 = 0.0043974573417451023;

PRESSRMS_KRG_c03 = 0.0040301280390265337;

PRESSRMS_KRG_c04 = 0.003655100287917626;

PRESSRMS_KRG_c05 = 0.012587284474286854;

PRESSRMS_KRG_c06 = 0.00259886698838605;

PRESSRMS_KRG_c07 = 0.013943546046397293;

PRESSRMS_KRG_c08 = 0.0055793494826557044;

PRESSRMS_KRG_c09 = 0.0035547593658660855;

PRESSRMS_KRG_c10 = 0.00023509382314994086;

PRESSRMS_KRG_obj_1 = 3.2578773621193873E-15;

PRESSRMS_PRS_c01 = 0.0073803145916778229;

PRESSRMS_PRS_c02 = 0.0069875599481629231;

PRESSRMS_PRS_c03 = 0.00493451389574164;

PRESSRMS_PRS_c04 = 0.002507947310518508;

PRESSRMS_PRS_c05 = 0.023009494974221927;

PRESSRMS_PRS_c06 = 0.0061295049970409047;

PRESSRMS_PRS_c07 = 0.026741373023481663;

PRESSRMS_PRS_c08 = 0.0050704212691968717;

PRESSRMS_PRS_c09 = 0.0054152196036301274;

PRESSRMS_PRS_c10 = 0.00072879737183323618;

PRESSRMS_PRS_obj_1 = 6.1767452563302326E-15;

PRESSRMS_RBF_c01 = 0.010038850083952488;

PRESSRMS_RBF_c02 = 0.0020445629656437696;

PRESSRMS_RBF_c03 = 0.0098828172833645075;

PRESSRMS_RBF_c04 = 0.001864548270145607;

PRESSRMS_RBF_c05 = 0.020211131056342424;

PRESSRMS_RBF_c06 = 0.0039913674515048856;

PRESSRMS_RBF_c07 = 0.015440491935538616;

PRESSRMS_RBF_c08 = 0.0035474825779954378;

PRESSRMS_RBF_c09 = 0.0013211925067000345;

PRESSRMS_RBF_c10 = 0.0003182996228481644;

PRESSRMS_RBF_obj_1 = 0.19048509214215353;

PRESSRMS_WAS_c01 = 0.00450514251754043;

PRESSRMS_WAS_c02 = 0.00186180920586874;

PRESSRMS_WAS_c03 = 0.0026235220641412514;

PRESSRMS_WAS_c04 = 0.00024513816163626166;

PRESSRMS_WAS_c05 = 0.011468520639551276;

PRESSRMS_WAS_c06 = 0.0015536520603892739;

PRESSRMS_WAS_c07 = 0.013379724349506078;

PRESSRMS_WAS_c08 = 0.0024225181866979659;

PRESSRMS_WAS_c09 = 0.00063946025517375344;

PRESSRMS_WAS_c10 = 0.00012957393537505976;

PRESSRMS_WAS_obj_1 = 0.190485092142152;

Pftarget = 0.0013;

R2_pred_KRG_c01 = 0.9971816609312294;

R2_pred_KRG_c02 = 0.99789449201448388;

R2_pred_KRG_c03 = 0.99961102735528817;

R2_pred_KRG_c04 = 0.99955596364011545;

R2_pred_KRG_c05 = 0.99576189854884589;

R2_pred_KRG_c06 = 0.9999090403744163;

R2_pred_KRG_c07 = 0.998533816542704;

R2_pred_KRG_c08 = 0.98339510371409244;

R2_pred_KRG_c09 = 0.9953168665982467;

R2_pred_KRG_c10 = 0.99998330833553584;

R2_pred_KRG_obj_1 = 1;

R2_pred_PRS_c01 = 0.99902561987920413;

R2_pred_PRS_c02 = 0.99468067192411069;

R2_pred_PRS_c03 = 0.99941679693465568;

R2_pred_PRS_c04 = 0.99979094201800045;

R2_pred_PRS_c05 = 0.98569890424211659;

R2_pred_PRS_c06 = 0.99949397795343309;

R2_pred_PRS_c07 = 0.9946025829212729;

R2_pred_PRS_c08 = 0.9861875795867675;

R2_pred_PRS_c09 = 0.9891074260178554;

R2_pred_PRS_c10 = 0.9998395806955801;

R2_pred_PRS_obj_1 = 1;

R2_pred_RBF_c01 = 0.99819749161638949;

R2_pred_RBF_c02 = 0.99954484994212334;

R2_pred_RBF_c03 = 0.99766093169754666;

R2_pred_RBF_c04 = 0.99988445073143539;

R2_pred_RBF_c05 = 0.989073313315287;

R2_pred_RBF_c06 = 0.99978545224144721;

R2_pred_RBF_c07 = 0.99820210588655156;

R2_pred_RBF_c08 = 0.99328710926801678;

R2_pred_RBF_c09 = 0.99935308336546147;

R2_pred_RBF_c10 = 0.99996940225247688;

R2_pred_RBF_obj_1 = 0.99941316066795227;

R2_pred_WAS_c01 = 0.99963702885144123;

R2_pred_WAS_c02 = 0.99962272298632;

R2_pred_WAS_c03 = 0.99983517395915378;

R2_pred_WAS_c04 = 0.99999800270122308;

R2_pred_WAS_c05 = 0.9964988898628161;

R2_pred_WAS_c06 = 0.99996749100433557;

R2_pred_WAS_c07 = 0.99864968562087686;

R2_pred_WAS_c08 = 0.99684938297964532;

R2_pred_WAS_c09 = 0.99984864320790945;

R2_pred_WAS_c10 = 0.99999492945226154;

R2_pred_WAS_obj_1 = 0.99941316066795227;

W1_ls_01_llm = [-0.68339045224169237; -0.15649426337127706; -0.70920085989934256; ...
                0.074304613819126092];

W1_ls_02_llm = [0.45985506848169216; 0.88771085430582775; 0.022422201928368551; ...
                ];

W1_ls_03_llm = [0.43114375444665992; 0.81929193734594141; -0.30297328021697656; ...
                0.033592040641583713; 0.2235051468796];

W1_ls_04_llm = [0.53623631525626669; 0.55582035392918216; -0.542552226215407; ...
                -0.025564831431291988; -0.11830761590632179; 0.30741043833867804; ...
                ];

W1_ls_05_llm = [0.94269305905283873; 0.30198200574976763; 0.14190371600824231; ...
                ];

W1_ls_06_llm = [0.83868742829393184; -0.1148478622039962; -0.42531888466981316; ...
                -0.12684656697578597; -0.22403498402582214; 0.19035621053991442; ...
                ];

W1_ls_07_llm = [0.853603967987706; 0.3469416020481263; -0.25750367507204897; ...
                -0.23312623722228515; -0.1166899924410887; 0.12930294316445179; ...
                ];

W1_ls_08_llm = [0.31910317698997415; 0.30060353931332051; 0.8987668531928773; ...
                0.0053682575369683912];

W1_ls_09_llm = [-0.48705512825421449; -0.870464735541019; -0.066276886798353474; ...
                0.023459450766567171; 0.011201547519172668];

W1_ls_10_llm = [0.28882699159277192; 0.63963743345064583; 0.670382019212684; ...
                0.24089597541773766];

W1_obj_llm = [0.41513560786108139; 0.508583480406137; 0.59135643732047949; ...
              0.33973342602508905; 0.263907636425973; 0.18503187093236786; ...
              ];

W_ls_01_llm = ...
  [-0.68339045224169237 -0.66039890044987981 0.28642959400946927 0.12169169957337096 ...
   ;
   -0.15649426337127706 0.33803016509322381 0.011741792613122169 0.92795866466408927 ...
   ;
   -0.70920085989934256 0.51704263192224564 -0.371133506695128 -0.30325068392524329 ...
   ;
   0.074304613819126092 -0.42693771975143507 -0.88322145478355474 0.17922854021794907 ...
   ];

W_ls_02_llm = ...
  [0.45985506848169216 0.42670461584130526 0.77875316167025777;
   0.88771085430582775 -0.19875797799776809 -0.415288701182511;
   0.022422201928368551 -0.88228024856162546 0.47019018264817114];

W_ls_03_llm = ...
  [0.43114375444665992 0.20762191540959282 0.80773882393875152 -0.21782093920927223 ...
   -0.26668377151098382;
   0.81929193734594141 -0.21321274467585011 -0.4493435121315914 0.08541608633210146 ...
   -0.2722049727846238;
   -0.30297328021697656 -0.6533794259283261 0.035878729132824236 -0.380756535873667 ...
   -0.578826134891501;
   0.033592040641583713 0.40572481219019807 -0.33056462591028091 -0.84916192956529235 ...
   0.062529969234826163;
   0.2235051468796 -0.56561132263794178 0.18731829942613079 -0.28143668631529212 ...
   0.71821621209636932];

W_ls_04_llm = ...
  [0.53623631525626669 -0.38164765439359222 0.2177448584964258 0.658456434251997 ...
   -0.038316730243188733 0.290430389371082;
   0.55582035392918216 0.10651362330840565 -0.52631595340468007 -0.26747714831427011 ...
   0.54438993756617071 0.18656277872566782;
   -0.542552226215407 -0.47961269121253014 -0.15881687860999302 -0.03994809691366099 ...
   0.26354141507876833 0.6159026054632466;
   -0.025564831431291988 -0.65103273363469882 -0.41598099560513407 0.059444059780204735 ...
   -0.0030326755381619467 -0.631601010972362;
   -0.11830761590632179 0.30486383184771931 -0.69082221048116188 0.39223689734677447 ...
   -0.47733429889614643 0.18473821752065581;
   0.30741043833867804 -0.31013868855838578 -0.0089653588860287656 -0.57957904464482735 ...
   -0.63628619077806159 0.26164948506252383];

W_ls_05_llm = ...
  [0.94269305905283873 0.33103060286194769 -0.041815504091858559;
   0.30198200574976763 -0.7931641675083364 0.5288643224723657;
   0.14190371600824231 -0.51118425577247861 -0.847675640816338];

W_ls_06_llm = ...
  [0.83868742829393184 0.0021006657774393467 -0.076100063445094984 -0.12181722734364152 ...
   -0.46386410506516668 -0.24657335687996534;
   -0.1148478622039962 0.33696591633339645 -0.78469714108935262 0.2804274842986324 ...
   -0.30614582716256489 0.29180386410027587;
   -0.42531888466981316 -0.19117706428108655 0.3012034349352542 0.21278381956927947 ...
   -0.78666450597122528 -0.16647422741629384;
   -0.12684656697578597 0.30815362472520275 0.12451220000698754 -0.79408973679987416 ...
   -0.26178498128721872 0.41753816298172397;
   -0.22403498402582214 -0.54877873557063017 -0.52174538556488514 -0.46994276193705853 ...
   0.011048462565559174 -0.39428886610923392;
   0.19035621053991442 -0.67363501354960009 0.0037593329491823458 0.0990925108867033 ...
   -0.060086060242598612 0.70465352386501445];

W_ls_07_llm = ...
  [0.853603967987706 -0.17677942521008205 -0.39847454604352067 0.2592754921456269 ...
   -0.10380115055621777 0.057696422153330124;
   0.3469416020481263 0.27810975058756832 0.19275369902700848 -0.76878945353713746 ...
   -0.050607495338718389 0.41416682683843359;
   -0.25750367507204897 -0.4060108917989092 -0.17234863755112359 -0.082753879234687272 ...
   -0.79451940370270668 0.317857944388403;
   -0.23312623722228515 -0.35783506883545574 -0.616997752684782 -0.27370822776388626 ...
   0.53267906445893753 0.27974419485225355;
   -0.1166899924410887 0.58982390709169874 -0.61965061752461126 -0.18581754387654156 ...
   -0.26472137931371487 -0.387193424802751;
   0.12930294316445179 -0.50062059418862881 0.098523500670568226 -0.4748120019716916 ...
   -0.039733176566164465 -0.70422136210317277];

W_ls_08_llm = ...
  [0.31910317698997415 0.84664411482351554 -0.2852765351846383 0.31620278895458681 ...
   ;
   0.30060353931332051 -0.50080011854383266 -0.70588497676944428 0.40070332290859467 ...
   ;
   0.8987668531928773 -0.13237014034159447 0.33405915184367685 -0.25119867160716214 ...
   ;
   0.0053682575369683912 -0.12194724288451729 0.55565113255867038 0.82240614701627146 ...
   ];

W_ls_09_llm = ...
  [-0.48705512825421449 0.30002151516256337 -0.70912871442920156 0.40807450772502052 ...
   -0.058103829459001388;
   -0.870464735541019 -0.23126274707163622 0.39177015606124432 -0.18080934751730923 ...
   0.051310921512850237;
   -0.066276886798353474 0.700737434141482 0.14137043763060489 -0.42691961503844045 ...
   -0.54984403636730661;
   0.023459450766567171 -0.08672786154710746 0.40446684401236477 0.71431919602602545 ...
   -0.5639881120064566;
   0.011201547519172668 -0.598289193183964 -0.4000919677405998 -0.32904544439865679 ...
   -0.61121197593175647];

W_ls_10_llm = ...
  [0.28882699159277192 0.48975213361420417 0.8226115972551481 0.0056547863918400762 ...
   ;
   0.63963743345064583 -0.58420810861260652 0.12655473648267698 -0.48326880535965855 ...
   ;
   0.670382019212684 0.4958589010849036 -0.531615364398007 0.14865060668281802 ...
   ;
   0.24089597541773766 -0.41589383701431265 0.15709603136651143 0.862741144428583 ...
   ];

W_obj_llm = ...
  [0.41513560786108139 -0.11677406967869172 -0.4027955632353733 -0.48864488553809182 ...
   -0.64140611249630419 0.040079329637958953;
   0.508583480406137 0.22632203229746842 0.64403824569515489 -0.46170540198056864 ...
   0.22911449131118955 -0.098339162543758962;
   0.59135643732047949 -0.49192959398120795 -0.31878700237762175 0.23335605380415592 ...
   0.48706894796088446 -0.12241927056404353;
   0.33973342602508905 -0.030336281001473321 0.39039959888532832 0.66243729729015755 ...
   -0.53086247369106221 -0.10300933779006288;
   0.263907636425973 0.82736027238665055 -0.41047957667350082 0.20924692109484042 ...
   0.10936302731336707 -0.14693437485990921;
   0.18503187093236786 0.087761715139290833 0.020975932852062402 0.10484179960120639 ...
   0.071367716366238718 0.970327751047609];

Y_hat_KRG_c01 = [0.97787632219961718; 1.0850428040102533; 0.78648803325235006; ...
                 1.1457330492168454; 0.88629178192919444; 0.82903623305441076; ...
                 1.2524755340039582; 1.3507228074078981; 1.5744982973852837; ...
                 0.85221744823273882; 0.94781251618284035];

Y_hat_KRG_c02 = [0.85372832054610015; 0.89617191842119914; 1.0731099424083403; ...
                 1.0347174930072269; 0.87847199719665892; 0.78184008533012328; ...
                 1.0105172319191267; 0.972308841463177; 0.93005058662073259; ...
                 0.79173620451886229; 0.81116436944962056];

Y_hat_KRG_c03 = [0.94367382056018734; 1.1997836640314141; 1.0891888882567844; ...
                 0.8898535910318166; 1.020687777235229; 1.3768388660791546; ...
                 0.97384734169112575; 1.2501300231467325; 0.83510226357005435; ...
                 0.91334000872498045; 1.4942255468019074];

Y_hat_KRG_c04 = [1.1138431323390934; 1.2535959924511801; 0.97712508898863959; ...
                 1.4441305982035391; 1.3556906306800549; 1.0181283131665144; ...
                 0.88827136520820382; 1.1685964919562088; 0.95415026672216; ...
                 0.92802860310535218; 1.0607349559773938];

Y_hat_KRG_c05 = [1.190310065017018; 0.69101840378979962; 1.2599135024202874; ...
                 1.0963283386783302; 0.82913584217282321; 1.0143324032998322; ...
                 0.77347188837192349; 1.0646904605981085; 0.87854048823074071; ...
                 0.71831616759055827; 1.17929850271289];

Y_hat_KRG_c06 = [1.0571691909313365; 1.4969003080634755; 1.2180479600346712; ...
                 1.4062443603444084; 1.9237129979634378; 1.3154486243738268; ...
                 1.686503090358193; 1.8330180287923992; 1.5921846405708397; ...
                 1.1316084726252504; 1.2552395991423893];

Y_hat_KRG_c07 = [2.1668191445185641; 1.5843894570465169; 1.8407432825799683; ...
                 1.2148769423067376; 1.1468167280587664; 1.0830030231457954; ...
                 1.3507170905035804; 1.0139930929644196; 1.43147513022807; ...
                 1.6883288490902646; 0.94354590920820636];

Y_hat_KRG_c08 = [0.96085231261277071; 0.89713491574846638; 0.88641107103919348; ...
                 0.96885136721636889; 0.93999773345882975; 0.92493642063169546; ...
                 1.0012195999794149; 0.98712803976048724; 0.91477517380361761; ...
                 0.98206768375330145; 1.0305372391371928];

Y_hat_KRG_c09 = [1.0992828458087884; 1.0130883675496; 0.95303115820549755; ...
                 0.94298690562918508; 0.96776626953644929; 1.0403484549470656; ...
                 0.98272142244387406; 1.0541041355673249; 0.99916491723036061; ...
                 1.0859067943875844; 0.9579679341679731];

Y_hat_KRG_c10 = [1.0338836567966836; 1.0710288042962424; 0.98708292326088454; ...
                 1.0578548362936566; 1.0184881950374729; 0.97169305501235936; ...
                 1.1490639550731661; 1.0036918921951281; 0.97845067994431567; ...
                 1.1291985799984996; 1.0894297897806307];

Y_hat_KRG_obj_1 = [22.211231236997929; 41.855459715811776; 23.729842606122581; ...
                   28.693869518107004; 33.977717038261218; 38.702065207617267; ...
                   20.131528382035697; 15.760868952506629; 32.694797584298257; ...
                   35.909487279922935; 26.3933644635394];

Y_hat_PRS_c01 = [0.9759075789377134; 1.0813939905278127; 0.78663400077815837; ...
                 1.144589710938511; 0.89033150538983408; 0.82600606107275809; ...
                 1.2538086872935952; 1.3568142913393633; 1.5711992894084295; ...
                 0.85423447945543407; 0.94727523173377948];

Y_hat_PRS_c02 = [0.85110754144561751; 0.89450376896390149; 1.0717395939273588; ...
                 1.0348378931019508; 0.8765223329449543; 0.77902493534054162; ...
                 1.0119826240891823; 0.974259156623257; 0.93065582660918034; ...
                 0.79703334712775975; 0.81214997070746964];

Y_hat_PRS_c03 = [0.94390269258077453; 1.2013512596556135; 1.0892858271422678; ...
                 0.8886607632339466; 1.0197644391232086; 1.3709512047727961; ...
                 0.97392269029442424; 1.2526016071984851; 0.83552719861992242; ...
                 0.91394663496249551; 1.4967574735454576];

Y_hat_PRS_c04 = [1.1145373385756721; 1.252686726244157; 0.97719271776329741; ...
                 1.4452654359724983; 1.3543240689721767; 1.0181906805363368; ...
                 0.88907671828432666; 1.1689459361026844; 0.95374932088160236; ...
                 0.9267804556862993; 1.0615460397792895];

Y_hat_PRS_c05 = [1.2183048262357703; 0.68390756143205533; 1.2742126939086482; ...
                 1.0665307392142989; 0.83689839329815319; 0.9912448051735212; ...
                 0.78875622087532071; 1.0363765970338772; 0.87806443344899321; ...
                 0.73932343661562183; 1.1817363556460505];

Y_hat_PRS_c06 = [1.0609450801800264; 1.4959758570085206; 1.2168875611708421; ...
                 1.4077338478242649; 1.9249239912808604; 1.3181050549980817; ...
                 1.686952318549418; 1.8319875480276075; 1.5901580744149892; ...
                 1.1255691068493603; 1.2568388328963556];

Y_hat_PRS_c07 = [2.1611378276324529; 1.5871488497371611; 1.8340979145607053; ...
                 1.2104791413551317; 1.1466993212732737; 1.0851208759503339; ...
                 1.3401607220845393; 1.0304016243366068; 1.4225013536056932; ...
                 1.7129287247844738; 0.93403229433065627];

Y_hat_PRS_c08 = [0.96061731169117037; 0.89731406476952624; 0.88409370854643876; ...
                 0.96946861620053959; 0.93908825170499222; 0.92466333391414257; ...
                 1.0070055513062792; 0.99024572616184581; 0.91582901696695829; ...
                 0.98454109888441377; 1.0210448769950315];

Y_hat_PRS_c09 = [1.0998282667132211; 1.0136270162150056; 0.94935135101884616; ...
                 0.94885263120429064; 0.96627897619174841; 1.0420855147731769; ...
                 0.98067196077017882; 1.0556968327495904; 0.99796946625763816; ...
                 1.0836731091459337; 0.95833408043408];

Y_hat_PRS_c10 = [1.034120511475271; 1.071307302622444; 0.98664049014626132; ...
                 1.0583033089408; 1.0183994698347774; 0.97228062594904463; ...
                 1.1495817382239171; 1.0034649916853144; 0.97814029806179836; ...
                 1.1282707426910616; 1.0893568880583566];

Y_hat_PRS_obj_1 = [22.211231236997918; 41.855459715811762; 23.729842606122574; ...
                   28.693869518107; 33.977717038261211; 38.70206520761726; ...
                   20.13152838203569; 15.760868952506618; 32.69479758429825; ...
                   35.909487279922928; 26.393364463539388];

Y_hat_RBF_c01 = [0.977876322199615; 1.0850428040102584; 0.78648803325235506; ...
                 1.1457330492168349; 0.88629178192919156; 0.82903623305439611; ...
                 1.2524755340039815; 1.3507228074078677; 1.5744982973852961; ...
                 0.85221744823274992; 0.94781251618284246];

Y_hat_RBF_c02 = [0.85372832054610481; 0.89617191842120658; 1.0731099424083448; ...
                 1.0347174930072351; 0.87847199719665259; 0.78184008533013183; ...
                 1.0105172319191196; 0.97230884146317276; 0.93005058662073581; ...
                 0.79173620451883731; 0.81116436944963877];

Y_hat_RBF_c03 = [0.9436738205602011; 1.1997836640314374; 1.0891888882567975; ...
                 0.88985359103184569; 1.0206877772352327; 1.3768388660791948; ...
                 0.97384734169112752; 1.2501300231467076; 0.83510226357006578; ...
                 0.91334000872496679; 1.4942255468019048];

Y_hat_RBF_c04 = [1.1138431323390967; 1.2535959924511801; 0.977125088988635; ...
                 1.4441305982035493; 1.355690630680042; 1.0181283131665231; ...
                 0.88827136520820682; 1.1685964919562084; 0.95415026672215619; ...
                 0.92802860310535218; 1.0607349559773895];

Y_hat_RBF_c05 = [1.1903100650170146; 0.69101840378979817; 1.2599135024202899; ...
                 1.0963283386783305; 0.82913584217282343; 1.0143324032998331; ...
                 0.77347188837192116; 1.0646904605981082; 0.87854048823074038; ...
                 0.71831616759055672; 1.1792985027128897];

Y_hat_RBF_c06 = [1.0571691909318668; 1.4969003080631262; 1.218047960035741; ...
                 1.4062443603435293; 1.9237129979628174; 1.3154486243726149; ...
                 1.6865030903568448; 1.8330180287918632; 1.5921846405705162; ...
                 1.131608472625552; 1.2552395991425636];

Y_hat_RBF_c07 = [2.1668191445185672; 1.5843894570469825; 1.8407432825804293; ...
                 1.214876942306786; 1.1468167280587098; 1.0830030231459669; ...
                 1.3507170905035839; 1.0139930929643415; 1.431475130227968; ...
                 1.6883288490893993; 0.94354590920821857];

Y_hat_RBF_c08 = [0.960852312618115; 0.89713491576829041; 0.88641107105929917; ...
                 0.96885136729822774; 0.939997733478847; 0.92493642065808457; ...
                 1.0012195999689335; 0.98712803981750552; 0.91477517377195694; ...
                 0.98206768376537878; 1.0305372391549805];

Y_hat_RBF_c09 = [1.0992828458087875; 1.0130883675495581; 0.95303115820549855; ...
                 0.94298690562918308; 0.96776626953646694; 1.0403484549470998; ...
                 0.9827214224438392; 1.0541041355673015; 0.999164917230408; ...
                 1.0859067943875906; 0.95796793416796955];

Y_hat_RBF_c10 = [1.0338836567966831; 1.0710288042962484; 0.98708292326088087; ...
                 1.0578548362936493; 1.0184881950374693; 0.97169305501235992; ...
                 1.1490639550731716; 1.0036918921951208; 0.9784506799443129; ...
                 1.1291985799984969; 1.0894297897806213];

Y_hat_RBF_obj_1 = [22.211231236997932; 41.855459715811762; 23.729842606122581; ...
                   28.693869518107004; 33.977717038261218; 38.702065207617267; ...
                   20.131528382035683; 15.760868952506627; 32.694797584298264; ...
                   35.909487279922942; 26.393364463539395];

Y_hat_WAS_c01 = saveVarsMat.Y_hat_WAS_c01; % <1x1 struct> unsupported class at Y_hat_WAS_c01.srgtsSRGTs{1}.KRG_DACEModel.regr

Y_hat_WAS_c02 = saveVarsMat.Y_hat_WAS_c02; % <1x1 struct> unsupported class at Y_hat_WAS_c02.srgtsSRGTs{1}.KRG_DACEModel.regr

Y_hat_WAS_c03 = saveVarsMat.Y_hat_WAS_c03; % <1x1 struct> unsupported class at Y_hat_WAS_c03.srgtsSRGTs{1}.KRG_DACEModel.regr

Y_hat_WAS_c04 = saveVarsMat.Y_hat_WAS_c04; % <1x1 struct> unsupported class at Y_hat_WAS_c04.srgtsSRGTs{1}.KRG_DACEModel.regr

Y_hat_WAS_c05 = saveVarsMat.Y_hat_WAS_c05; % <1x1 struct> unsupported class at Y_hat_WAS_c05.srgtsSRGTs{1}.KRG_DACEModel.regr

Y_hat_WAS_c06 = saveVarsMat.Y_hat_WAS_c06; % <1x1 struct> unsupported class at Y_hat_WAS_c06.srgtsSRGTs{1}.KRG_DACEModel.regr

Y_hat_WAS_c07 = saveVarsMat.Y_hat_WAS_c07; % <1x1 struct> unsupported class at Y_hat_WAS_c07.srgtsSRGTs{1}.KRG_DACEModel.regr

Y_hat_WAS_c08 = saveVarsMat.Y_hat_WAS_c08; % <1x1 struct> unsupported class at Y_hat_WAS_c08.srgtsSRGTs{1}.KRG_DACEModel.regr

Y_hat_WAS_c09 = saveVarsMat.Y_hat_WAS_c09; % <1x1 struct> unsupported class at Y_hat_WAS_c09.srgtsSRGTs{1}.KRG_DACEModel.regr

Y_hat_WAS_c10 = saveVarsMat.Y_hat_WAS_c10; % <1x1 struct> unsupported class at Y_hat_WAS_c10.srgtsSRGTs{1}.KRG_DACEModel.regr

Y_hat_WAS_obj_1 = saveVarsMat.Y_hat_WAS_obj_1; % <1x1 struct> unsupported class at Y_hat_WAS_obj_1.srgtsSRGTs{1}.KRG_DACEModel.regr

act_obj_KRG = 28.761342887993361;

act_obj_PRS = 27.264554233116044;

act_obj_RBF = 28.6534790768901;

act_obj_WAS = 27.289785605713988;

act_psf_KRG_c01 = 1.2610299846840145;

act_psf_KRG_c02 = 1.0161412997209796;

act_psf_KRG_c03 = 1.108039349608573;

act_psf_KRG_c04 = 1.0939690930337223;

act_psf_KRG_c05 = 1.0806456148438004;

act_psf_KRG_c06 = 1.3407446216138479;

act_psf_KRG_c07 = 1.3932077854066305;

act_psf_KRG_c08 = 1.0051354340992904;

act_psf_KRG_c09 = 1.0579746433559043;

act_psf_KRG_c10 = 1.0046247568528306;

act_psf_PRS_c01 = 1.2311991466207439;

act_psf_PRS_c02 = 1.0285877338666682;

act_psf_PRS_c03 = 1.1320735769896932;

act_psf_PRS_c04 = 1.1239200700864669;

act_psf_PRS_c05 = 1.0588114630884158;

act_psf_PRS_c06 = 1.3766575063257149;

act_psf_PRS_c07 = 1.4095844862002669;

act_psf_PRS_c08 = 0.99274977331291525;

act_psf_PRS_c09 = 1.0670678262878475;

act_psf_PRS_c10 = 1.0020667740943521;

act_psf_RBF_c01 = 1.2825400585400655;

act_psf_RBF_c02 = 1.017923531204596;

act_psf_RBF_c03 = 1.1104506909879381;

act_psf_RBF_c04 = 1.1005117281919188;

act_psf_RBF_c05 = 1.0788261726288177;

act_psf_RBF_c06 = 1.3569045580645518;

act_psf_RBF_c07 = 1.4033580299367876;

act_psf_RBF_c08 = 1.0011581652347363;

act_psf_RBF_c09 = 1.0629791842009884;

act_psf_RBF_c10 = 1.0006530655633183;

act_psf_WAS_c01 = 1.24592860600886;

act_psf_WAS_c02 = 1.0305852261161714;

act_psf_WAS_c03 = 1.1348029736408056;

act_psf_WAS_c04 = 1.1296330147272555;

act_psf_WAS_c05 = 1.0589029901532967;

act_psf_WAS_c06 = 1.3900681464843556;

act_psf_WAS_c07 = 1.4225510699328947;

act_psf_WAS_c08 = 0.99033807508420213;

act_psf_WAS_c09 = 1.0710704294378559;

act_psf_WAS_c10 = 0.99961275221175094;

b_ls_01_llm = ...
  [0.37567227922006197 0.086704137236666215 0.39237911563786632 -0.040776140624374096 ...
   ;
   0.37731109120803585 0.084003435817266853 0.38484065196005557 -0.041559092197545715 ...
   ;
   0.39710215082628486 0.086535456000208719 0.38054619840147952 -0.029003592595435081 ...
   ;
   0.37681848831290854 0.082423676444605284 0.3959038915439162 -0.046417894430059121 ...
   ;
   0.37760562603844472 0.090553585891655672 0.39223840145771338 -0.044938413401943961 ...
   ;
