function y =  constraint6c(x)

x1 = x(:,1);
x2 = x(:,2);
x3 = x(:,3);
x4 = x(:,4);
x5 = x(:,5);
x6 = x(:,6);
x7 = x(:,7);
x8 = x(:,8);
x9 = x(:,9);
x10 = x(:,10);
x11 = x(:,11);
x12 = x(:,12);
x13 = x(:,13);
x14 = x(:,14);
x15 = x(:,15);
x16 = x(:,16);
x17 = x(:,17);
x18 = x(:,18);

y1 = 10*(x1);
y2 = 09*(x2);
y3 = 08*(x3);
y4 = 07*(x4);
y5 = 06*(x5);
y6 = 05*(x6);
y7 = 04*(x7);
y8 = 03*(x8);
y9 = 02*(x9);
y10= 01*(x10);
y11= 06*(x11);
y12= 04*(x12);
y13= 02*(x13);
y14 = 0.001*(x14+x15)-(2*x16)-(3*x17)-x18;

y = 200./(y1+y2+y3+y4+y5+y6+y7+y8+y9+y10+y11+y12+y13+y14);
end 