function y =  constraint10c(x)

x1 = x(:,1);
x2 = x(:,2);
x3 = x(:,3);
x4 = x(:,4);
x5 = x(:,5);
x6 = x(:,6);
x7 = x(:,7);
x8 = x(:,8);
x9 = x(:,9);
x10 = x(:,10);
x11 = x(:,11);
x12 = x(:,12);
x13 = x(:,13);
x14 = x(:,14);
x15 = x(:,15);
x16 = x(:,16);
x17 = x(:,17);
x18 = x(:,18);
    
y1 = 13*(x1);
y2 = 12*(x2);
y3 = 11*(x3);
y4 = 10*(x4);
y5 = 09*(x5);
y6 = 08*(x6);
y7 = 07*(x7);
y8 = 06*(x8);
y9 = 05*(x9);
y10= 04*(x10);
y11= 03*(x11);
y12= 02*(x12);
y13= 01*(x13);
y14 = 0.001*(x14+x15)-x16-(3*x17)-x18;

y = 280./(y1+y2+y3+y4+y5+y6+y7+y8+y9+y10+y11+y12+y13+y14);
end 