function y =  constraint6c(x)

x1=x(:,1);
x2=x(:,2);
x3=x(:,3);
x5=x(:,4);
x6=x(:,5);
x7=x(:,6);
p1=x(:,7);
p2=x(:,8);
p3=x(:,9);
p4=x(:,10);

 y1 = 0.214;
 y2 = 0.00817*(x5);
 y3 = -0.131*(x1.*p1);
 y4 = -0.0704*(x1.*p2);
 y5 = 0.03099*(x2.*x6);
 y6 = -0.018*(x2.*x7);
 y7 = 0.0208*(x3.*p1);
 y8 = 0.121*(x3.*p2);
 y9 = -0.00364*(x5.*x6);
 y10= 0.0007715*(x5.*p3);
 y11= -0.0005354*(x6.*p3);
 y12= 0.00121*(p1.*p4);
 
 y = (0.32)./(y1+y2+y3+y4+y5+y6+y7+y8+y9+y10+y11+y12);

end 