function y =  constraint7c(x)

x1=x(:,1);
x2=x(:,2);
x3=x(:,3);
x5=x(:,4);
x6=x(:,5);
x7=x(:,6);
p1=x(:,7);
p2=x(:,8);
p3=x(:,9);
p4=x(:,10);

 y1 = 0.261;
 y2 = -0.0159*(x1.*x2);
 y3 = -0.188*(x1.*p1);
 y4 = -0.019*(x2.*x7);
 y5 = 0.0144*(x3.*x5);
 y6 = 0.0008757*(x5.*p3);
 y7 = 0.08045*(x6.*p2);
 y8 = 0.00139*(p1.*p4);
 y9 = 0.00001575*(p3.*p4);
 
 y = (0.32)./(y1+y2+y3+y4+y5+y6+y7+y8+y9);
end 